Cube variables: 128 130 131 139 145 146 147 148 151 155 158 160 161 163 164 165 185 186 189 190 193 196 205 212 220 225 229 238 242 245 249
15:1;113
42:1;103
84:0;44
96:1;100
112:0;17
13:1;110
31:0;25
69:1;105
87:0;123
100:1;104
---------------------------------------------------------
Cube variables: 128 129 134 135 138 139 141 151 154 155 157 166 168 171 175 180 191 193 198 202 203 206 209 214 216 222 223 225 239 246 247
7:1;50
19:1;109
30:1;101
37:0;15
55:1;4
94:1;126
108:1;33
122:1;78
16:1;124
20:1;92
35:1;85
53:1;67
76:1;90
95:1;84
112:0;6
124:1;48
---------------------------------------------------------
Cube variables: 128 129 130 132 137 142 152 153 155 160 164 165 166 175 187 196 200 201 205 212 217 221 222 226 228 235 237 242 243 246 252
16:0;96
94:1;70
113:0;30
19:1;57
96:0;53
---------------------------------------------------------
Cube variables: 128 129 135 137 140 145 150 152 162 163 164 166 170 175 179 181 186 187 198 202 209 216 220 221 222 230 234 240 241 245 248
0:1;46
19:0;118
32:0;49
63:0;58
74:1;24
90:1;65
102:1;16
121:0;71
8:1;83
51:1;3
66:1;114
82:0;38
92:1;125
119:0;87
---------------------------------------------------------
Cube variables: 131 132 134 136 138 142 143 147 152 158 165 167 171 172 173 180 186 196 206 208 213 214 217 219 226 233 235 237 239 250 251
5:0;74
47:1;10
57:1;11
116:0;112
16:0;102
49:0;19
69:0;69
101:0;2
---------------------------------------------------------
Cube variables: 129 130 136 142 149 153 156 157 159 165 166 173 175 181 188 190 193 194 195 205 209 211 219 221 225 234 239 245 247 253 254
7:0;80
20:0;8
120:1;86
12:1;47
72:1;97
---------------------------------------------------------
Cube variables: 128 131 133 134 145 146 147 150 151 154 161 163 164 168 174 180 181 190 198 203 205 206 209 217 224 225 232 245 247 248 255
24:1;18
53:0;73
25:1;82
77:0;42
---------------------------------------------------------
Cube variables: 136 137 141 145 148 152 155 157 162 166 169 184 186 188 189 203 204 209 210 214 217 221 223 225 227 229 237 243 247 248 252
61:1;52
93:1;115
117:0;117
79:1;95
98:1;60
---------------------------------------------------------
Cube variables: 130 131 133 134 135 145 148 151 153 164 165 179 180 189 191 193 194 199 207 214 221 222 224 225 229 231 237 239 246 253 255
11:1;93
47:1;89
---------------------------------------------------------
Cube variables: 138 141 156 157 164 166 180 184 185 188 189 194 196 198 201 203 204 212 214 215 216 220 222 230 232 238 240 247 248 249 251
23:1;12
119:1;56
---------------------------------------------------------
Cube variables: 135 136 141 145 150 156 158 160 161 165 169 170 172 177 186 189 190 197 201 204 211 212 213 226 228 240 241 242 250 251 254
10:1;111
118:0;5
42:0;66
---------------------------------------------------------
Cube variables: 132 137 139 140 143 147 152 158 161 163 165 169 171 182 184 186 187 190 192 198 199 200 223 227 229 233 239 242 244 245 246
3:1;88
---------------------------------------------------------
Cube variables: 133 134 138 139 140 141 152 153 156 157 158 163 166 170 171 173 189 194 207 215 216 221 231 234 235 238 241 250 253 254 255
115:1;119
121:1;35
---------------------------------------------------------
Cube variables: 128 136 144 145 152 154 164 170 171 173 182 187 190 192 194 198 200 201 205 212 215 217 220 227 230 234 240 242 245 249 253
90:0;76
113:0;39
---------------------------------------------------------
Cube variables: 128 132 134 136 137 139 140 155 158 159 161 162 166 168 175 177 179 183 185 189 195 209 210 211 214 234 239 247 249 251 253
9:0;13
22:0;72
---------------------------------------------------------
Cube variables: 129 134 135 139 140 146 159 166 170 171 174 176 179 180 182 184 188 192 193 200 202 207 208 212 214 219 225 234 243 248 252
100:0;49
---------------------------------------------------------