 133 137 141 143 154 156 177 184 196 203 209 227 230 233 248 254 

00 00 00 00 00 00 00 02 00 00 00 00 00 00 00 00 
00 00 00 00 00 00 00 02 00 00 00 00 00 00 00 00 
00 00 00 00 00 00 00 02 00 00 00 00 00 00 00 00 
00 00 00 00 00 00 00 02 00 00 00 00 00 00 00 00 
00 00 00 00 00 00 00 02 00 00 00 00 00 00 00 00 
00 00 00 00 00 00 00 02 00 00 00 00 00 00 00 00 
00 00 00 00 00 00 00 02 00 00 00 00 00 00 00 00 
00 00 00 00 00 00 00 02 00 00 00 00 00 00 00 00 
00 00 00 00 00 00 00 02 00 00 00 00 00 00 00 00 
00 00 00 00 00 00 00 02 00 00 00 00 00 00 00 00 
00 00 00 00 00 00 00 02 00 00 00 00 00 00 00 00 
00 00 00 00 00 00 00 02 00 00 00 00 00 00 00 00 
00 00 00 00 00 00 00 02 00 00 00 00 00 00 00 00 
00 00 00 00 00 00 00 02 00 00 00 00 00 00 00 00 
00 00 00 00 00 00 00 02 00 00 00 00 00 00 00 00 
00 00 00 00 00 00 00 02 00 00 00 00 00 00 00 00 
00 00 00 00 00 00 00 02 00 00 00 00 00 00 00 00 
00 00 00 00 00 00 00 02 00 00 00 00 00 00 00 00 
00 00 00 00 00 00 00 02 00 00 00 00 00 00 00 00 
00 00 00 00 00 00 00 02 00 00 00 00 00 00 00 00 
00 00 00 00 00 00 00 02 00 00 00 00 00 00 00 00 
00 00 00 00 00 00 00 02 00 00 00 00 00 00 00 00 
00 00 00 00 00 00 00 02 00 00 00 00 00 00 00 00 
00 00 00 00 00 00 00 02 00 00 00 00 00 00 00 00 
00 00 00 00 00 00 00 02 00 00 00 00 00 00 00 00 
00 00 00 00 00 00 00 02 00 00 00 00 00 00 00 00 
00 00 00 40 00 00 00 02 00 00 00 00 00 00 00 00 
00 00 00 00 00 00 00 02 00 00 00 00 00 00 00 00 
00 00 00 00 00 00 00 02 00 00 00 00 00 00 00 00 
00 00 00 00 00 00 00 02 00 00 00 00 00 00 00 00 
00 00 00 00 00 00 00 02 00 00 00 00 00 00 00 00 
00 00 00 00 00 00 00 02 00 00 00 00 00 00 00 00 
00 00 00 00 00 00 00 02 00 00 00 00 00 00 00 00 
00 00 00 00 00 00 00 02 00 00 00 00 00 00 00 00 
00 00 00 00 00 00 00 02 00 00 00 00 00 00 00 00 
00 00 00 00 00 00 00 02 00 00 00 00 00 00 00 00 
00 00 00 00 00 00 00 02 00 00 00 00 00 00 00 00 
00 00 00 00 00 00 00 02 00 00 00 00 00 00 00 00 
00 00 00 00 00 00 00 02 00 00 00 00 00 00 00 00 
00 00 00 00 00 00 00 02 00 00 00 00 00 00 00 00 
00 00 00 00 00 00 00 02 00 00 00 00 00 00 00 00 
00 00 00 00 00 00 00 02 00 00 00 00 00 00 00 00 
00 00 00 00 00 00 00 02 00 00 00 00 00 00 00 00 
00 00 00 00 00 00 00 02 00 00 00 00 00 00 00 00 
00 00 00 00 00 00 00 02 00 00 00 00 00 00 00 00 
00 00 00 00 00 00 00 02 00 00 00 00 00 00 00 00 
00 00 00 00 00 00 00 02 00 00 00 00 00 00 00 00 
00 00 00 00 00 00 00 02 00 00 00 00 00 00 00 00 
00 00 00 00 00 00 00 02 00 00 00 00 00 00 00 00 
00 00 00 00 00 00 00 02 00 00 00 00 00 00 00 00 
00 00 00 00 00 00 00 02 00 00 00 00 00 00 00 00 
00 00 00 00 00 00 00 02 00 00 00 00 00 00 00 00 
00 00 00 00 00 00 00 02 00 00 00 00 00 00 00 00 
00 00 00 00 00 00 00 02 00 00 00 00 00 00 00 00 
00 00 00 00 00 00 00 02 00 00 00 00 00 00 00 00 
00 00 00 00 00 00 00 02 00 00 00 00 00 00 00 00 
00 00 00 00 00 00 00 02 00 00 00 00 00 00 00 00 
00 00 00 00 00 00 00 02 00 00 00 00 00 00 00 00 
00 00 00 00 00 00 00 02 00 00 00 00 00 00 00 00 
00 00 00 00 00 00 00 02 00 00 00 00 00 00 00 00 
00 00 00 00 00 00 00 02 00 00 00 00 00 00 00 00 
00 00 00 00 00 00 00 02 00 00 00 00 00 00 00 00 
00 00 00 00 00 00 00 02 00 00 00 00 00 00 00 00 
00 00 00 00 00 00 00 02 00 00 00 00 00 00 00 00 
00 00 00 00 00 00 00 02 00 00 00 00 00 00 00 00 
00 00 00 00 00 00 00 02 00 00 00 00 00 00 00 00 
00 00 00 00 00 00 00 02 00 00 00 00 00 00 00 00 
00 00 00 00 00 00 00 02 00 00 00 00 00 00 00 00 
00 00 00 00 00 00 00 02 00 00 00 00 00 00 00 00 
00 00 00 00 00 00 00 02 00 00 00 00 00 00 00 00 
00 00 00 00 00 00 00 02 00 00 00 00 00 00 00 00 
00 00 00 00 00 00 00 02 00 00 00 00 00 00 00 00 
00 00 00 00 00 00 00 02 00 00 00 00 00 00 00 00 
00 00 00 00 00 00 00 02 00 00 00 00 00 00 00 00 
00 00 00 00 00 00 00 00 00 00 00 00 00 00 00 00 
00 00 00 00 00 00 00 02 00 00 00 00 00 00 00 00 
00 00 00 00 00 00 00 02 00 00 00 00 00 00 00 00 
00 00 00 00 00 00 00 02 00 00 00 00 00 00 00 00 
00 00 00 00 00 00 00 02 00 00 00 00 00 00 00 00 
00 00 00 00 00 00 00 02 00 00 00 00 00 00 00 00 
00 00 00 00 00 00 00 02 00 00 00 00 00 00 00 00 
00 00 00 00 00 00 00 02 00 00 00 00 00 00 00 00 
00 00 00 00 00 00 00 02 00 00 00 00 00 00 00 00 
00 00 00 00 00 00 00 02 00 00 00 00 00 00 00 00 
00 00 00 00 00 00 00 02 00 00 00 00 00 00 00 00 
00 00 00 00 00 00 00 02 00 00 00 00 00 00 00 00 
00 00 00 00 00 00 00 02 00 00 00 00 00 00 00 00 
00 00 00 00 00 00 00 02 00 00 00 00 00 00 00 00 
00 00 00 00 00 00 00 02 00 00 00 00 00 00 00 00 
00 00 00 40 00 00 00 02 00 00 00 00 00 00 00 00 
00 00 00 00 00 00 00 02 00 00 00 00 00 00 00 00 
00 00 00 00 00 00 00 02 00 00 00 00 00 00 00 00 
00 00 00 00 00 00 00 02 00 00 00 00 00 00 00 00 
00 00 00 00 00 00 00 02 00 00 00 00 00 00 00 00 
00 00 00 00 00 00 00 02 00 00 00 00 00 00 00 00 
00 00 00 00 00 00 00 02 00 00 00 00 00 00 00 00 
00 00 00 00 00 00 00 02 00 00 00 00 00 00 00 00 
00 00 00 00 00 00 00 02 00 00 00 00 00 00 00 00 
00 00 00 00 00 00 00 02 00 00 00 00 00 00 00 00 
00 00 00 00 00 00 00 02 00 00 00 00 00 00 00 00 
00 00 00 00 00 00 00 02 00 00 00 00 00 00 00 00 
00 00 00 00 00 00 00 02 00 00 00 00 00 00 00 00 
00 00 00 00 00 00 00 02 00 00 00 00 00 00 00 00 
00 00 00 00 00 00 00 02 00 00 00 00 00 00 00 00 
00 00 00 00 00 00 00 02 00 00 00 00 00 00 00 00 
00 00 00 00 00 00 00 02 00 00 00 00 00 00 00 00 
00 00 00 00 00 00 00 02 00 00 00 00 00 00 00 00 
00 00 00 00 00 00 00 02 00 00 00 00 00 00 00 00 
00 00 00 00 00 00 00 02 00 00 00 00 00 00 00 00 
00 00 00 00 00 00 00 02 00 00 00 00 00 00 00 00 
00 00 00 00 00 00 00 02 00 00 00 00 00 00 00 00 
00 00 00 00 00 00 00 02 00 00 00 00 00 00 00 00 
00 00 00 00 00 00 00 02 00 00 00 00 00 00 00 00 
00 00 00 00 00 00 00 02 00 00 00 00 00 00 00 00 
00 00 00 00 00 00 00 02 00 00 00 00 00 00 00 00 
00 00 00 00 00 00 00 02 00 00 00 00 00 00 00 00 
00 00 00 00 00 00 00 02 00 00 00 00 00 00 00 00 
00 00 00 00 00 00 00 02 00 00 00 00 00 00 00 00 
00 00 00 00 00 00 00 02 00 00 00 00 00 00 00 00 
00 00 00 00 00 00 00 02 00 00 00 00 00 00 00 00 
00 00 00 00 00 00 00 02 00 00 00 00 00 00 00 00 
00 00 00 00 00 00 00 02 00 00 00 00 00 00 00 00 
00 00 00 00 00 00 00 02 00 00 00 00 00 00 00 00 
00 00 00 00 00 00 00 02 00 00 00 00 00 00 00 00 
00 00 00 00 00 00 00 02 00 00 00 00 00 00 00 00 
00 00 00 00 00 00 00 02 00 00 00 00 00 00 00 00 
00 00 00 00 00 00 00 02 00 00 00 00 00 00 00 00 
00 00 00 00 00 00 00 02 00 00 00 00 00 00 00 00 
00 00 00 00 00 00 00 02 00 00 00 00 00 00 00 00 

